IND_1 1 1 0 1 0 1 1 0 1 0 1 1 1 1 0 0 1 0 1 1 0 1 0 1 0 0 1 1 1 1 0 0 0 0 1 0 1 0 1 1
IND_2 0 1 1 1 1 0 0 0 1 1 0 0 1 0 0 1 0 0 0 0 1 0 0 1 0 0 0 0 1 0 1 0 1 0 1 1 1 1 0 1
IND_3 0 1 0 0 0 1 1 1 1 1 1 0 0 0 1 1 0 0 1 0 1 0 1 1 1 0 0 1 0 1 0 0 0 1 0 0 0 0 0 0
IND_4 0 1 0 1 0 1 1 0 1 0 0 0 1 1 1 1 0 1 1 0 0 1 1 0 0 1 0 1 0 0 0 1 0 1 1 1 1 0 0 0
IND_5 1 1 0 0 0 1 0 0 1 1 1 0 0 0 1 1 0 0 0 1 1 0 0 0 1 1 1 0 1 0 0 1 0 1 0 1 0 1 0 1
IND_6 1 0 0 0 0 1 1 1 0 0 1 0 0 0 1 0 1 1 0 1 1 1 0 1 1 1 1 1 1 1 0 0 1 0 0 1 0 1 1 0
IND_7 0 0 1 0 1 0 0 0 0 1 0 0 0 1 0 1 1 1 1 0 1 0 1 0 1 1 1 0 0 0 1 1 1 0 1 0 1 1 1 0
IND_8 1 0 0 1 1 0 0 0 0 1 0 1 1 0 1 1 0 1 1 1 1 1 1 1 0 0 1 0 1 0 0 0 1 0 0 0 1 1 1 1
IND_9 0 1 1 1 0 1 0 0 1 1 0 0 0 0 1 1 1 0 0 0 1 0 0 0 1 1 1 1 0 0 0 0 0 0 0 0 0 0 0 0
IND_10 1 0 1 0 0 1 1 1 1 0 1 1 0 1 0 0 1 0 1 0 1 1 0 1 1 1 0 1 1 1 1 1 0 1 1 0 0 1 0 1
IND_11 1 1 1 1 1 0 1 0 1 0 1 0 0 0 0 0 0 1 0 1 0 1 0 1 1 1 1 1 1 1 0 1 1 1 0 0 0 0 0 1
IND_12 1 0 0 1 1 1 0 1 1 0 0 1 1 1 0 1 0 0 1 1 0 0 0 0 1 1 1 1 1 1 1 1 1 1 1 0 1 1 1 0
IND_13 1 1 0 1 0 0 1 1 0 0 1 1 1 1 0 1 1 1 1 0 1 0 1 1 0 0 1 0 0 1 1 1 0 1 1 0 1 0 0 1
IND_14 0 1 0 0 0 0 0 1 1 1 0 1 0 0 1 0 0 1 1 0 1 1 1 0 1 1 0 1 1 1 1 0 1 1 1 1 1 0 1 0
IND_15 1 0 1 1 1 1 0 1 1 0 1 1 0 0 1 1 0 0 0 1 0 1 1 0 0 0 1 0 1 0 0 0 0 0 1 0 0 1 1 1
IND_16 1 0 0 1 1 1 0 0 0 1 1 1 0 1 1 0 1 1 0 1 0 1 0 1 0 0 1 0 0 0 1 1 0 0 0 1 1 1 1 0
IND_17 0 1 1 1 0 0 0 0 0 0 0 1 1 0 1 0 1 1 1 1 1 0 0 0 1 0 1 1 0 1 1 0 1 0 1 1 0 1 0 0
IND_18 0 0 0 1 0 1 1 0 0 1 1 0 1 1 0 0 1 1 1 0 0 1 1 1 1 0 1 0 1 0 1 0 1 0 0 0 1 0 1 1
IND_19 0 0 1 1 1 0 1 1 0 1 1 0 1 1 1 1 1 1 0 0 1 1 0 0 1 1 1 1 0 0 0 1 1 1 1 1 0 0 1 0
IND_20 1 1 1 0 1 0 1 0 0 1 0 0 0 1 1 0 1 1 1 1 0 0 0 1 1 1 0 1 0 0 1 1 1 0 1 0 0 1 0 0
