IND_1 0 0 1 1 1 0 0 0 1 1 0 0 0 1 1 0 0 0 1 1 NA 0 1 0 0 1 NA 1 0 1 0 1 0 1 NA 0 NA NA 0 1
IND_2 1 1 0 0 1 0 0 0 NA 0 1 1 0 NA NA 1 0 1 1 1 1 1 1 1 NA 0 1 0 0 1 NA 1 1 0 0 0 1 0 1 0
IND_3 0 0 0 1 0 0 0 NA 0 1 1 1 1 NA 1 0 1 0 NA 1 1 0 NA 0 1 NA 1 0 1 0 1 1 1 0 1 0 0 1 1 0
IND_4 0 0 0 1 NA 1 1 0 1 1 0 1 NA 1 1 1 1 1 0 0 1 0 1 0 NA 0 1 0 0 NA 1 1 1 NA 0 1 1 1 0 1
IND_5 0 0 1 NA 0 0 0 0 1 NA 1 0 0 0 1 0 0 0 1 1 1 1 0 0 0 0 NA NA 0 0 NA 0 0 0 1 0 1 0 0 1
IND_6 NA 1 1 0 1 1 0 1 0 NA 1 0 1 0 1 1 0 1 1 NA 0 1 1 1 NA 1 0 1 1 NA 0 1 0 1 1 1 1 1 1 0
IND_7 1 0 1 0 1 0 0 0 0 0 NA 1 0 1 0 1 0 1 1 1 1 1 1 NA 0 1 1 1 0 NA 0 0 0 NA NA 0 0 1 1 1
IND_8 0 1 1 NA 0 1 1 1 0 1 0 0 1 1 NA NA 0 0 1 NA 1 1 1 1 1 1 1 1 1 0 1 1 NA 0 1 1 0 1 0 0
IND_9 1 NA 0 0 1 1 1 1 0 1 1 1 1 0 1 NA 1 1 0 0 1 0 NA 1 NA 1 NA 1 1 0 1 0 0 1 0 1 0 0 0 0
IND_10 0 1 1 1 0 1 0 0 1 0 0 1 1 0 1 NA 1 0 1 1 0 1 1 NA 1 0 1 1 1 NA 1 0 1 0 NA 0 NA 1 1 1
IND_11 NA 1 1 0 1 1 0 0 1 1 0 NA 0 1 0 1 NA 0 0 0 1 0 NA 0 0 0 0 0 1 0 0 1 1 1 1 0 0 1 NA 1
IND_12 0 0 0 NA NA 1 0 1 1 0 1 1 0 NA 0 1 0 1 NA 0 1 0 0 0 1 1 0 0 0 1 1 1 1 NA 0 1 1 1 0 0
IND_13 0 0 0 0 NA 1 1 0 1 NA 1 1 1 1 1 0 NA 0 1 0 1 1 0 1 NA 0 1 0 1 1 0 1 0 0 0 0 0 1 NA 1
IND_14 1 0 0 1 1 0 1 NA 0 0 1 1 1 0 0 1 1 1 1 0 1 NA 1 0 1 NA 1 0 0 0 1 0 1 1 NA NA 1 1 1 0
IND_15 1 1 0 1 NA 0 1 1 1 NA 1 NA 0 0 1 1 0 0 NA 1 1 1 0 0 0 NA 1 1 1 1 0 0 1 0 1 1 1 0 1 0
IND_16 1 0 0 1 0 0 0 1 NA 0 1 1 1 1 0 0 0 1 1 1 NA 1 0 NA 1 1 1 0 1 0 0 1 0 0 NA 1 NA 0 1 0
IND_17 0 1 1 NA 0 1 1 1 1 1 1 0 0 NA 0 0 0 0 0 0 0 0 1 1 0 1 NA 1 1 1 1 0 0 0 NA 0 1 0 0 NA
IND_18 NA 0 1 NA 0 0 NA 0 0 0 1 0 0 1 1 0 0 1 0 1 0 1 0 1 1 0 NA 1 0 1 0 1 1 1 0 1 NA 1 1 0
IND_19 NA 1 1 0 1 0 1 0 1 1 1 1 1 1 0 1 1 1 1 0 0 0 NA 0 0 NA 0 NA 1 0 0 0 NA 0 0 1 1 0 1 1
IND_20 0 NA 0 0 NA NA 1 1 0 1 0 1 0 1 0 NA 1 0 1 1 1 1 1 0 1 NA 0 1 0 1 0 1 1 1 1 1 1 0 0 1
